0.0 0.0 0.0 0.0 0.0 0.0 1.0 4.0 23.0 80.0 84.0 141.0 251.0 536.0 866.0 1068.0 829.0 447.0 155.0 53.0 14.0 4.0 6.0 1.0 0.0 0.0 0.0 0.0 0.0 0.0 0.0 0.0 0.0 0.0 
0.0 0.0 0.0 0.0 0.0 0.0 3.0 11.0 37.0 101.0 268.0 365.0 415.0 709.0 1454.0 1479.0 840.0 433.0 64.0 16.0 1.0 0.0 1.0 0.0 0.0 0.0 0.0 0.0 0.0 0.0 0.0 0.0 0.0 0.0 
0.0 0.0 0.0 0.0 1.0 2.0 13.0 22.0 111.0 207.0 319.0 594.0 606.0 646.0 1573.0 1822.0 608.0 288.0 16.0 1.0 0.0 0.0 0.0 0.0 0.0 0.0 0.0 0.0 0.0 0.0 0.0 0.0 0.0 0.0 
0.0 0.0 0.0 2.0 2.0 19.0 30.0 75.0 205.0 401.0 385.0 755.0 657.0 379.0 1233.0 1998.0 711.0 116.0 9.0 1.0 1.0 0.0 0.0 0.0 0.0 0.0 0.0 0.0 0.0 0.0 0.0 0.0 0.0 0.0 
0.0 0.0 2.0 10.0 31.0 61.0 106.0 144.0 215.0 376.0 244.0 707.0 420.0 21.0 467.0 1378.0 474.0 34.0 2.0 1.0 1.0 0.0 0.0 0.0 0.0 0.0 0.0 0.0 0.0 0.0 0.0 0.0 0.0 0.0 
0.0 0.0 9.0 32.0 98.0 150.0 239.0 237.0 190.0 225.0 667.0 1681.0 33.0 0.0 164.0 97.0 522.0 14.0 1.0 1.0 0.0 0.0 0.0 0.0 0.0 0.0 0.0 0.0 0.0 0.0 0.0 0.0 0.0 0.0 
0.0 1.0 17.0 71.0 146.0 269.0 396.0 361.0 232.0 139.0 177.0 388.0 41.0 0.0 0.0 88.0 109.0 8.0 3.0 1.0 0.0 0.0 0.0 0.0 0.0 0.0 0.0 0.0 0.0 0.0 0.0 0.0 0.0 0.0 
0.0 2.0 15.0 84.0 235.0 281.0 279.0 419.0 366.0 67.0 32.0 354.0 4029.0 712.0 2.0 5.0 0.0 3.0 1.0 0.0 0.0 0.0 0.0 0.0 0.0 0.0 0.0 0.0 0.0 0.0 0.0 0.0 0.0 0.0 
0.0 0.0 8.0 41.0 192.0 235.0 177.0 488.0 490.0 56.0 0.0 2.0 2346.0 3449.0 225.0 0.0 0.0 1.0 1.0 0.0 0.0 0.0 0.0 0.0 0.0 0.0 0.0 0.0 0.0 0.0 0.0 0.0 0.0 0.0 
0.0 0.0 3.0 21.0 114.0 216.0 201.0 506.0 39.0 0.0 0.0 252.0 2071.0 308.0 15.0 0.0 0.0 0.0 1.0 0.0 0.0 0.0 0.0 0.0 0.0 0.0 0.0 0.0 0.0 0.0 0.0 0.0 0.0 0.0 
0.0 1.0 0.0 10.0 44.0 119.0 233.0 252.0 396.0 0.0 0.0 438.0 1118.0 78.0 0.0 0.0 0.0 0.0 0.0 0.0 1.0 0.0 0.0 0.0 0.0 0.0 0.0 0.0 0.0 0.0 0.0 0.0 0.0 0.0 
0.0 0.0 0.0 3.0 4.0 33.0 152.0 257.0 119.0 382.0 2901.0 2326.0 153.0 32.0 1.0 0.0 0.0 0.0 0.0 11.0 0.0 0.0 0.0 0.0 0.0 0.0 0.0 0.0 0.0 0.0 0.0 0.0 0.0 0.0 
0.0 0.0 0.0 0.0 0.0 3.0 10.0 55.0 124.0 57.0 31.0 12.0 6.0 8.0 276.0 42.0 45.0 76.0 58.0 43.0 0.0 0.0 0.0 0.0 0.0 0.0 0.0 0.0 0.0 0.0 0.0 0.0 0.0 0.0 
0.0 0.0 0.0 0.0 0.0 0.0 1.0 1.0 3.0 2.0 3.0 0.0 5.0 306.0 249.0 2.0 0.0 1.0 4.0 3.0 0.0 0.0 0.0 0.0 0.0 0.0 0.0 0.0 0.0 0.0 0.0 0.0 0.0 0.0 
0.0 0.0 0.0 0.0 0.0 0.0 0.0 0.0 0.0 0.0 0.0 0.0 0.0 0.0 0.0 0.0 0.0 0.0 0.0 0.0 0.0 0.0 0.0 0.0 0.0 0.0 0.0 0.0 0.0 0.0 0.0 0.0 0.0 0.0 
