0.0 0.0 0.0 0.0 0.0 0.0 0.0 8.0 23.0 79.0 152.0 220.0 357.0 696.0 1331.0 1480.0 1002.0 366.0 98.0 22.0 11.0 3.0 2.0 0.0 0.0 0.0 0.0 0.0 0.0 0.0 0.0 0.0 0.0 0.0 
0.0 0.0 0.0 0.0 0.0 1.0 3.0 22.0 111.0 197.0 453.0 604.0 659.0 1049.0 2056.0 1578.0 692.0 217.0 19.0 2.0 0.0 0.0 0.0 0.0 0.0 0.0 0.0 0.0 0.0 0.0 0.0 0.0 0.0 0.0 
0.0 0.0 1.0 0.0 2.0 5.0 16.0 57.0 186.0 353.0 471.0 696.0 618.0 746.0 1880.0 1603.0 375.0 126.0 6.0 0.0 0.0 0.0 0.0 0.0 0.0 0.0 0.0 0.0 0.0 0.0 0.0 0.0 0.0 0.0 
0.0 0.0 1.0 6.0 14.0 27.0 67.0 129.0 225.0 415.0 330.0 767.0 630.0 339.0 1352.0 1694.0 388.0 30.0 4.0 1.0 0.0 0.0 0.0 0.0 0.0 0.0 0.0 0.0 0.0 0.0 0.0 0.0 0.0 0.0 
0.0 0.0 3.0 26.0 55.0 102.0 155.0 180.0 207.0 250.0 148.0 728.0 358.0 23.0 447.0 993.0 240.0 5.0 1.0 0.0 0.0 0.0 0.0 0.0 0.0 0.0 0.0 0.0 0.0 0.0 0.0 0.0 0.0 0.0 
0.0 2.0 10.0 55.0 131.0 253.0 295.0 317.0 194.0 138.0 458.0 1345.0 21.0 0.0 125.0 39.0 291.0 2.0 2.0 0.0 0.0 0.0 0.0 0.0 0.0 0.0 0.0 0.0 0.0 0.0 0.0 0.0 0.0 0.0 
1.0 1.0 18.0 83.0 196.0 296.0 326.0 365.0 261.0 76.0 95.0 256.0 41.0 0.0 0.0 48.0 36.0 6.0 0.0 0.0 0.0 0.0 0.0 0.0 0.0 0.0 0.0 0.0 0.0 0.0 0.0 0.0 0.0 0.0 
0.0 1.0 15.0 63.0 202.0 232.0 214.0 395.0 412.0 73.0 14.0 273.0 5023.0 703.0 3.0 7.0 0.0 0.0 1.0 0.0 0.0 0.0 0.0 0.0 0.0 0.0 0.0 0.0 0.0 0.0 0.0 0.0 0.0 0.0 
0.0 1.0 14.0 53.0 148.0 227.0 153.0 392.0 486.0 29.0 0.0 1.0 2273.0 3776.0 137.0 0.0 0.0 0.0 0.0 1.0 0.0 0.0 0.0 0.0 0.0 0.0 0.0 0.0 0.0 0.0 0.0 0.0 0.0 0.0 
0.0 0.0 1.0 19.0 95.0 165.0 170.0 423.0 33.0 0.0 0.0 188.0 1899.0 169.0 3.0 0.0 0.0 0.0 1.0 2.0 0.0 0.0 0.0 0.0 0.0 0.0 0.0 0.0 0.0 0.0 0.0 0.0 0.0 0.0 
0.0 0.0 0.0 5.0 29.0 108.0 182.0 173.0 417.0 0.0 0.0 399.0 1017.0 37.0 0.0 0.0 0.0 0.0 0.0 0.0 0.0 0.0 0.0 0.0 0.0 0.0 0.0 0.0 0.0 0.0 0.0 0.0 0.0 0.0 
0.0 0.0 0.0 0.0 3.0 13.0 90.0 190.0 98.0 283.0 2641.0 2336.0 100.0 30.0 0.0 0.0 0.0 0.0 0.0 18.0 0.0 0.0 0.0 0.0 0.0 0.0 0.0 0.0 0.0 0.0 0.0 0.0 0.0 0.0 
0.0 0.0 0.0 0.0 0.0 0.0 8.0 30.0 74.0 30.0 15.0 2.0 3.0 3.0 275.0 30.0 68.0 61.0 66.0 39.0 1.0 0.0 0.0 0.0 0.0 0.0 0.0 0.0 0.0 0.0 0.0 0.0 0.0 0.0 
0.0 0.0 0.0 0.0 0.0 0.0 0.0 1.0 1.0 1.0 0.0 0.0 16.0 305.0 231.0 5.0 0.0 1.0 4.0 1.0 0.0 0.0 0.0 0.0 0.0 0.0 0.0 0.0 0.0 0.0 0.0 0.0 0.0 0.0 
0.0 0.0 0.0 0.0 0.0 0.0 0.0 0.0 0.0 0.0 0.0 0.0 0.0 0.0 0.0 0.0 0.0 0.0 1.0 0.0 0.0 0.0 0.0 0.0 0.0 0.0 0.0 0.0 0.0 0.0 0.0 0.0 0.0 0.0 
